gain	0	1	-69.820000
gain	1	0	-69.820000
gain	0	2	-84.059998
gain	2	0	-84.059998
gain	0	3	-91.699997
gain	3	0	-91.699997
gain	0	4	-96.720001
gain	4	0	-96.720001
gain	0	5	-98.519997
gain	5	0	-98.519997
gain	0	6	-103.629997
gain	6	0	-103.629997
gain	0	7	-108.699997
gain	7	0	-108.699997
gain	0	8	-115.349998
gain	8	0	-115.349998
gain	0	9	-116.339996
gain	9	0	-116.339996
gain	0	10	-113.830002
gain	10	0	-113.830002
gain	0	11	-118.150002
gain	11	0	-118.150002
gain	0	12	-117.400002
gain	12	0	-117.400002
gain	0	13	-121.779999
gain	13	0	-121.779999
gain	0	14	-128.220001
gain	14	0	-128.220001
gain	0	15	-124.120003
gain	15	0	-124.120003
gain	0	16	-125.879997
gain	16	0	-125.879997
gain	0	17	-124.099998
gain	17	0	-124.099998
gain	0	18	-121.919998
gain	18	0	-121.919998
gain	0	19	-125.559998
gain	19	0	-125.559998
gain	0	20	-70.750000
gain	20	0	-70.750000
gain	0	21	-81.180000
gain	21	0	-81.180000
gain	0	22	-85.809998
gain	22	0	-85.809998
gain	0	23	-91.080002
gain	23	0	-91.080002
gain	0	24	-97.800003
gain	24	0	-97.800003
gain	0	25	-101.910004
gain	25	0	-101.910004
gain	0	26	-108.129997
gain	26	0	-108.129997
gain	0	27	-109.930000
gain	27	0	-109.930000
gain	0	28	-109.580002
gain	28	0	-109.580002
gain	0	29	-119.750000
gain	29	0	-119.750000
gain	0	30	-116.849998
gain	30	0	-116.849998
gain	0	31	-114.629997
gain	31	0	-114.629997
gain	0	32	-119.139999
gain	32	0	-119.139999
gain	0	33	-119.730003
gain	33	0	-119.730003
gain	0	34	-123.019997
gain	34	0	-123.019997
gain	0	35	-124.059998
gain	35	0	-124.059998
gain	0	36	-129.399994
gain	36	0	-129.399994
gain	0	37	-128.500000
gain	37	0	-128.500000
gain	0	38	-129.330002
gain	38	0	-129.330002
gain	0	39	-130.869995
gain	39	0	-130.869995
gain	0	40	-83.279999
gain	40	0	-83.279999
gain	0	41	-87.370003
gain	41	0	-87.370003
gain	0	42	-91.629997
gain	42	0	-91.629997
gain	0	43	-101.709999
gain	43	0	-101.709999
gain	0	44	-101.860001
gain	44	0	-101.860001
gain	0	45	-102.800003
gain	45	0	-102.800003
gain	0	46	-103.470001
gain	46	0	-103.470001
gain	0	47	-111.099998
gain	47	0	-111.099998
gain	0	48	-109.349998
gain	48	0	-109.349998
gain	0	49	-109.080002
gain	49	0	-109.080002
gain	0	50	-119.870003
gain	50	0	-119.870003
gain	0	51	-114.089996
gain	51	0	-114.089996
gain	0	52	-118.019997
gain	52	0	-118.019997
gain	0	53	-118.250000
gain	53	0	-118.250000
gain	0	54	-125.919998
gain	54	0	-125.919998
gain	0	55	-150.000000
gain	55	0	-150.000000
gain	0	56	-150.000000
gain	56	0	-150.000000
gain	0	57	-150.000000
gain	57	0	-150.000000
gain	0	58	-150.000000
gain	58	0	-150.000000
gain	0	59	-133.839996
gain	59	0	-133.839996
gain	0	60	-94.820000
gain	60	0	-94.820000
gain	0	61	-89.800003
gain	61	0	-89.800003
gain	0	62	-103.680000
gain	62	0	-103.680000
gain	0	63	-100.199997
gain	63	0	-100.199997
gain	0	64	-103.419998
gain	64	0	-103.419998
gain	0	65	-103.459999
gain	65	0	-103.459999
gain	0	66	-110.580002
gain	66	0	-110.580002
gain	0	67	-112.419998
gain	67	0	-112.419998
gain	0	68	-115.879997
gain	68	0	-115.879997
gain	0	69	-118.360001
gain	69	0	-118.360001
gain	0	70	-122.139999
gain	70	0	-122.139999
gain	0	71	-121.150002
gain	71	0	-121.150002
gain	0	72	-116.209999
gain	72	0	-116.209999
gain	0	73	-122.690002
gain	73	0	-122.690002
gain	0	74	-120.570000
gain	74	0	-120.570000
gain	0	75	-150.000000
gain	75	0	-150.000000
gain	0	76	-150.000000
gain	76	0	-150.000000
gain	0	77	-150.000000
gain	77	0	-150.000000
gain	0	78	-150.000000
gain	78	0	-150.000000
gain	0	79	-129.130005
gain	79	0	-129.130005
gain	0	80	-96.459999
gain	80	0	-96.459999
gain	0	81	-102.370003
gain	81	0	-102.370003
gain	0	82	-104.750000
gain	82	0	-104.750000
gain	0	83	-105.279999
gain	83	0	-105.279999
gain	0	84	-98.599998
gain	84	0	-98.599998
gain	0	85	-108.360001
gain	85	0	-108.360001
gain	0	86	-109.389999
gain	86	0	-109.389999
gain	0	87	-120.110001
gain	87	0	-120.110001
gain	0	88	-117.379997
gain	88	0	-117.379997
gain	0	89	-114.629997
gain	89	0	-114.629997
gain	0	90	-120.129997
gain	90	0	-120.129997
gain	0	91	-123.239998
gain	91	0	-123.239998
gain	0	92	-116.809998
gain	92	0	-116.809998
gain	0	93	-120.489998
gain	93	0	-120.489998
gain	0	94	-119.510002
gain	94	0	-119.510002
gain	0	95	-150.000000
gain	95	0	-150.000000
gain	0	96	-150.000000
gain	96	0	-150.000000
gain	0	97	-150.000000
gain	97	0	-150.000000
gain	0	98	-150.000000
gain	98	0	-150.000000
gain	0	99	-128.339996
gain	99	0	-128.339996
gain	0	100	-99.510002
gain	100	0	-99.510002
gain	0	101	-110.120003
gain	101	0	-110.120003
gain	0	102	-104.339996
gain	102	0	-104.339996
gain	0	103	-106.540001
gain	103	0	-106.540001
gain	0	104	-109.309998
gain	104	0	-109.309998
gain	0	105	-104.800003
gain	105	0	-104.800003
gain	0	106	-150.000000
gain	106	0	-150.000000
gain	0	107	-150.000000
gain	107	0	-150.000000
gain	0	108	-150.000000
gain	108	0	-150.000000
gain	0	109	-150.000000
gain	109	0	-150.000000
gain	0	110	-117.099998
gain	110	0	-117.099998
gain	0	111	-115.290001
gain	111	0	-115.290001
gain	0	112	-123.120003
gain	112	0	-123.120003
gain	0	113	-121.470001
gain	113	0	-121.470001
gain	0	114	-127.860001
gain	114	0	-127.860001
gain	0	115	-150.000000
gain	115	0	-150.000000
gain	0	116	-150.000000
gain	116	0	-150.000000
gain	0	117	-150.000000
gain	117	0	-150.000000
gain	0	118	-150.000000
gain	118	0	-150.000000
gain	0	119	-129.619995
gain	119	0	-129.619995
gain	0	120	-107.220001
gain	120	0	-107.220001
gain	0	121	-107.660004
gain	121	0	-107.660004
gain	0	122	-103.099998
gain	122	0	-103.099998
gain	0	123	-107.750000
gain	123	0	-107.750000
gain	0	124	-112.870003
gain	124	0	-112.870003
gain	0	125	-109.389999
gain	125	0	-109.389999
gain	0	126	-150.000000
gain	126	0	-150.000000
gain	0	127	-150.000000
gain	127	0	-150.000000
gain	0	128	-150.000000
gain	128	0	-150.000000
gain	0	129	-150.000000
gain	129	0	-150.000000
gain	0	130	-121.120003
gain	130	0	-121.120003
gain	0	131	-121.910004
gain	131	0	-121.910004
gain	0	132	-118.760002
gain	132	0	-118.760002
gain	0	133	-125.919998
gain	133	0	-125.919998
gain	0	134	-127.820000
gain	134	0	-127.820000
gain	0	135	-150.000000
gain	135	0	-150.000000
gain	0	136	-150.000000
gain	136	0	-150.000000
gain	0	137	-150.000000
gain	137	0	-150.000000
gain	0	138	-150.000000
gain	138	0	-150.000000
gain	0	139	-130.229996
gain	139	0	-130.229996
gain	0	140	-109.239998
gain	140	0	-109.239998
gain	0	141	-104.730003
gain	141	0	-104.730003
gain	0	142	-111.349998
gain	142	0	-111.349998
gain	0	143	-117.790001
gain	143	0	-117.790001
gain	0	144	-107.230003
gain	144	0	-107.230003
gain	0	145	-108.519997
gain	145	0	-108.519997
gain	0	146	-150.000000
gain	146	0	-150.000000
gain	0	147	-150.000000
gain	147	0	-150.000000
gain	0	148	-150.000000
gain	148	0	-150.000000
gain	0	149	-150.000000
gain	149	0	-150.000000
gain	0	150	-124.110001
gain	150	0	-124.110001
gain	0	151	-123.769997
gain	151	0	-123.769997
gain	0	152	-125.839996
gain	152	0	-125.839996
gain	0	153	-120.160004
gain	153	0	-120.160004
gain	0	154	-117.349998
gain	154	0	-117.349998
gain	0	155	-125.820000
gain	155	0	-125.820000
gain	0	156	-129.100006
gain	156	0	-129.100006
gain	0	157	-127.239998
gain	157	0	-127.239998
gain	0	158	-127.260002
gain	158	0	-127.260002
gain	0	159	-126.599998
gain	159	0	-126.599998
gain	0	160	-115.400002
gain	160	0	-115.400002
gain	0	161	-109.529999
gain	161	0	-109.529999
gain	0	162	-112.290001
gain	162	0	-112.290001
gain	0	163	-109.070000
gain	163	0	-109.070000
gain	0	164	-114.150002
gain	164	0	-114.150002
gain	0	165	-118.669998
gain	165	0	-118.669998
gain	0	166	-150.000000
gain	166	0	-150.000000
gain	0	167	-150.000000
gain	167	0	-150.000000
gain	0	168	-150.000000
gain	168	0	-150.000000
gain	0	169	-150.000000
gain	169	0	-150.000000
gain	0	170	-113.360001
gain	170	0	-113.360001
gain	0	171	-123.970001
gain	171	0	-123.970001
gain	0	172	-122.830002
gain	172	0	-122.830002
gain	0	173	-121.760002
gain	173	0	-121.760002
gain	0	174	-127.440002
gain	174	0	-127.440002
gain	0	175	-126.900002
gain	175	0	-126.900002
gain	0	176	-129.639999
gain	176	0	-129.639999
gain	0	177	-127.830002
gain	177	0	-127.830002
gain	0	178	-125.570000
gain	178	0	-125.570000
gain	0	179	-136.320007
gain	179	0	-136.320007
gain	0	180	-112.150002
gain	180	0	-112.150002
gain	0	181	-116.349998
gain	181	0	-116.349998
gain	0	182	-111.510002
gain	182	0	-111.510002
gain	0	183	-150.000000
gain	183	0	-150.000000
gain	0	184	-150.000000
gain	184	0	-150.000000
gain	0	185	-150.000000
gain	185	0	-150.000000
gain	0	186	-150.000000
gain	186	0	-150.000000
gain	0	187	-150.000000
gain	187	0	-150.000000
gain	0	188	-150.000000
gain	188	0	-150.000000
gain	0	189	-150.000000
gain	189	0	-150.000000
gain	0	190	-150.000000
gain	190	0	-150.000000
gain	0	191	-150.000000
gain	191	0	-150.000000
gain	0	192	-150.000000
gain	192	0	-150.000000
gain	0	193	-150.000000
gain	193	0	-150.000000
gain	0	194	-126.190002
gain	194	0	-126.190002
gain	0	195	-130.259995
gain	195	0	-130.259995
gain	0	196	-128.470001
gain	196	0	-128.470001
gain	0	197	-133.649994
gain	197	0	-133.649994
gain	0	198	-129.389999
gain	198	0	-129.389999
gain	0	199	-128.690002
gain	199	0	-128.690002
gain	0	200	-114.099998
gain	200	0	-114.099998
gain	0	201	-116.029999
gain	201	0	-116.029999
gain	0	202	-120.370003
gain	202	0	-120.370003
gain	0	203	-150.000000
gain	203	0	-150.000000
gain	0	204	-150.000000
gain	204	0	-150.000000
gain	0	205	-150.000000
gain	205	0	-150.000000
gain	0	206	-150.000000
gain	206	0	-150.000000
gain	0	207	-150.000000
gain	207	0	-150.000000
gain	0	208	-150.000000
gain	208	0	-150.000000
gain	0	209	-150.000000
gain	209	0	-150.000000
gain	0	210	-150.000000
gain	210	0	-150.000000
gain	0	211	-150.000000
gain	211	0	-150.000000
gain	0	212	-150.000000
gain	212	0	-150.000000
gain	0	213	-150.000000
gain	213	0	-150.000000
gain	0	214	-130.869995
gain	214	0	-130.869995
gain	0	215	-126.739998
gain	215	0	-126.739998
gain	0	216	-128.539993
gain	216	0	-128.539993
gain	0	217	-134.500000
gain	217	0	-134.500000
gain	0	218	-132.800003
gain	218	0	-132.800003
gain	0	219	-134.490005
gain	219	0	-134.490005
gain	0	220	-123.809998
gain	220	0	-123.809998
gain	0	221	-118.529999
gain	221	0	-118.529999
gain	0	222	-121.150002
gain	222	0	-121.150002
gain	0	223	-150.000000
gain	223	0	-150.000000
gain	0	224	-150.000000
gain	224	0	-150.000000
gain	0	225	-150.000000
gain	225	0	-150.000000
gain	0	226	-150.000000
gain	226	0	-150.000000
gain	0	227	-150.000000
gain	227	0	-150.000000
gain	0	228	-150.000000
gain	228	0	-150.000000
gain	0	229	-150.000000
gain	229	0	-150.000000
gain	0	230	-150.000000
gain	230	0	-150.000000
gain	0	231	-150.000000
gain	231	0	-150.000000
gain	0	232	-150.000000
gain	232	0	-150.000000
gain	0	233	-150.000000
gain	233	0	-150.000000
gain	0	234	-129.679993
gain	234	0	-129.679993
gain	0	235	-131.830002
gain	235	0	-131.830002
gain	0	236	-131.020004
gain	236	0	-131.020004
gain	0	237	-129.000000
gain	237	0	-129.000000
gain	0	238	-131.919998
gain	238	0	-131.919998
gain	0	239	-131.960007
gain	239	0	-131.960007
gain	0	240	-118.489998
gain	240	0	-118.489998
gain	0	241	-116.010002
gain	241	0	-116.010002
gain	0	242	-119.820000
gain	242	0	-119.820000
gain	0	243	-150.000000
gain	243	0	-150.000000
gain	0	244	-150.000000
gain	244	0	-150.000000
gain	0	245	-150.000000
gain	245	0	-150.000000
gain	0	246	-150.000000
gain	246	0	-150.000000
gain	0	247	-150.000000
gain	247	0	-150.000000
gain	0	248	-150.000000
gain	248	0	-150.000000
gain	0	249	-150.000000
gain	249	0	-150.000000
gain	0	250	-150.000000
gain	250	0	-150.000000
gain	0	251	-150.000000
gain	251	0	-150.000000
gain	0	252	-150.000000
gain	252	0	-150.000000
gain	0	253	-150.000000
gain	253	0	-150.000000
gain	0	254	-128.619995
gain	254	0	-128.619995
gain	0	255	-129.160004
gain	255	0	-129.160004
gain	0	256	-132.210007
gain	256	0	-132.210007
gain	0	257	-125.389999
gain	257	0	-125.389999
gain	0	258	-133.240005
gain	258	0	-133.240005
gain	0	259	-131.339996
gain	259	0	-131.339996
gain	0	260	-117.440002
gain	260	0	-117.440002
gain	0	261	-114.220001
gain	261	0	-114.220001
gain	0	262	-118.349998
gain	262	0	-118.349998
gain	0	263	-119.519997
gain	263	0	-119.519997
gain	0	264	-118.379997
gain	264	0	-118.379997
gain	0	265	-122.290001
gain	265	0	-122.290001
gain	0	266	-150.000000
gain	266	0	-150.000000
gain	0	267	-150.000000
gain	267	0	-150.000000
gain	0	268	-150.000000
gain	268	0	-150.000000
gain	0	269	-150.000000
gain	269	0	-150.000000
gain	0	270	-131.050003
gain	270	0	-131.050003
gain	0	271	-129.910004
gain	271	0	-129.910004
gain	0	272	-132.850006
gain	272	0	-132.850006
gain	0	273	-134.550003
gain	273	0	-134.550003
gain	0	274	-126.000000
gain	274	0	-126.000000
gain	0	275	-130.279999
gain	275	0	-130.279999
gain	0	276	-135.800003
gain	276	0	-135.800003
gain	0	277	-131.059998
gain	277	0	-131.059998
gain	0	278	-129.630005
gain	278	0	-129.630005
gain	0	279	-135.220001
gain	279	0	-135.220001
gain	0	280	-120.180000
gain	280	0	-120.180000
gain	0	281	-121.849998
gain	281	0	-121.849998
gain	0	282	-116.980003
gain	282	0	-116.980003
gain	0	283	-123.849998
gain	283	0	-123.849998
gain	0	284	-117.120003
gain	284	0	-117.120003
gain	0	285	-119.779999
gain	285	0	-119.779999
gain	0	286	-150.000000
gain	286	0	-150.000000
gain	0	287	-150.000000
gain	287	0	-150.000000
gain	0	288	-150.000000
gain	288	0	-150.000000
gain	0	289	-150.000000
gain	289	0	-150.000000
gain	0	290	-131.100006
gain	290	0	-131.100006
gain	0	291	-130.240005
gain	291	0	-130.240005
gain	0	292	-125.589996
gain	292	0	-125.589996
gain	0	293	-132.869995
gain	293	0	-132.869995
gain	0	294	-131.050003
gain	294	0	-131.050003
gain	0	295	-131.119995
gain	295	0	-131.119995
gain	0	296	-132.039993
gain	296	0	-132.039993
gain	0	297	-133.800003
gain	297	0	-133.800003
gain	0	298	-131.839996
gain	298	0	-131.839996
gain	0	299	-133.500000
gain	299	0	-133.500000
gain	0	300	-127.930000
gain	300	0	-127.930000
gain	0	301	-124.900002
gain	301	0	-124.900002
gain	0	302	-126.480003
gain	302	0	-126.480003
gain	0	303	-124.970001
gain	303	0	-124.970001
gain	0	304	-127.900002
gain	304	0	-127.900002
gain	0	305	-124.410004
gain	305	0	-124.410004
gain	0	306	-150.000000
gain	306	0	-150.000000
gain	0	307	-150.000000
gain	307	0	-150.000000
gain	0	308	-150.000000
gain	308	0	-150.000000
gain	0	309	-150.000000
gain	309	0	-150.000000
gain	0	310	-128.270004
gain	310	0	-128.270004
gain	0	311	-129.139999
gain	311	0	-129.139999
gain	0	312	-129.210007
gain	312	0	-129.210007
gain	0	313	-133.949997
gain	313	0	-133.949997
gain	0	314	-150.000000
gain	314	0	-150.000000
gain	0	315	-150.000000
gain	315	0	-150.000000
gain	0	316	-150.000000
gain	316	0	-150.000000
gain	0	317	-136.059998
gain	317	0	-136.059998
gain	0	318	-137.970001
gain	318	0	-137.970001
gain	0	319	-138.610001
gain	319	0	-138.610001
gain	0	320	-130.850006
gain	320	0	-130.850006
gain	0	321	-126.169998
gain	321	0	-126.169998
gain	0	322	-128.669998
gain	322	0	-128.669998
gain	0	323	-124.120003
gain	323	0	-124.120003
gain	0	324	-127.180000
gain	324	0	-127.180000
gain	0	325	-124.150002
gain	325	0	-124.150002
gain	0	326	-150.000000
gain	326	0	-150.000000
gain	0	327	-150.000000
gain	327	0	-150.000000
gain	0	328	-150.000000
gain	328	0	-150.000000
gain	0	329	-150.000000
gain	329	0	-150.000000
gain	0	330	-131.710007
gain	330	0	-131.710007
gain	0	331	-127.599998
gain	331	0	-127.599998
gain	0	332	-127.860001
gain	332	0	-127.860001
gain	0	333	-135.309998
gain	333	0	-135.309998
gain	0	334	-150.000000
gain	334	0	-150.000000
gain	0	335	-150.000000
gain	335	0	-150.000000
gain	0	336	-150.000000
gain	336	0	-150.000000
gain	0	337	-133.440002
gain	337	0	-133.440002
gain	0	338	-127.449997
gain	338	0	-127.449997
gain	0	339	-132.119995
gain	339	0	-132.119995
gain	0	340	-125.029999
gain	340	0	-125.029999
gain	0	341	-124.970001
gain	341	0	-124.970001
gain	0	342	-126.349998
gain	342	0	-126.349998
gain	0	343	-127.540001
gain	343	0	-127.540001
gain	0	344	-123.519997
gain	344	0	-123.519997
gain	0	345	-125.529999
gain	345	0	-125.529999
gain	0	346	-130.240005
gain	346	0	-130.240005
gain	0	347	-123.370003
gain	347	0	-123.370003
gain	0	348	-130.429993
gain	348	0	-130.429993
gain	0	349	-131.440002
gain	349	0	-131.440002
gain	0	350	-129.899994
gain	350	0	-129.899994
gain	0	351	-130.770004
gain	351	0	-130.770004
gain	0	352	-125.349998
gain	352	0	-125.349998
gain	0	353	-129.080002
gain	353	0	-129.080002
gain	0	354	-150.000000
gain	354	0	-150.000000
gain	0	355	-150.000000
gain	355	0	-150.000000
gain	0	356	-150.000000
gain	356	0	-150.000000
gain	0	357	-133.690002
gain	357	0	-133.690002
gain	0	358	-135.610001
gain	358	0	-135.610001
gain	0	359	-134.740005
gain	359	0	-134.740005
gain	0	360	-131.740005
gain	360	0	-131.740005
gain	0	361	-127.860001
gain	361	0	-127.860001
gain	0	362	-128.059998
gain	362	0	-128.059998
gain	0	363	-134.330002
gain	363	0	-134.330002
gain	0	364	-130.360001
gain	364	0	-130.360001
gain	0	365	-135.990005
gain	365	0	-135.990005
gain	0	366	-131.259995
gain	366	0	-131.259995
gain	0	367	-122.790001
gain	367	0	-122.790001
gain	0	368	-132.630005
gain	368	0	-132.630005
gain	0	369	-124.290001
gain	369	0	-124.290001
gain	0	370	-129.190002
gain	370	0	-129.190002
gain	0	371	-132.410004
gain	371	0	-132.410004
gain	0	372	-132.070007
gain	372	0	-132.070007
gain	0	373	-137.809998
gain	373	0	-137.809998
gain	0	374	-134.089996
gain	374	0	-134.089996
gain	0	375	-139.990005
gain	375	0	-139.990005
gain	0	376	-133.330002
gain	376	0	-133.330002
gain	0	377	-136.220001
gain	377	0	-136.220001
gain	0	378	-139.660004
gain	378	0	-139.660004
gain	0	379	-135.410004
gain	379	0	-135.410004
gain	0	380	-128.800003
gain	380	0	-128.800003
gain	0	381	-124.019997
gain	381	0	-124.019997
gain	0	382	-129.779999
gain	382	0	-129.779999
gain	0	383	-127.239998
gain	383	0	-127.239998
gain	0	384	-122.449997
gain	384	0	-122.449997
gain	0	385	-133.410004
gain	385	0	-133.410004
gain	0	386	-121.080002
gain	386	0	-121.080002
gain	0	387	-125.349998
gain	387	0	-125.349998
gain	0	388	-124.629997
gain	388	0	-124.629997
gain	0	389	-134.669998
gain	389	0	-134.669998
gain	0	390	-131.449997
gain	390	0	-131.449997
gain	0	391	-134.020004
gain	391	0	-134.020004
gain	0	392	-135.639999
gain	392	0	-135.639999
gain	0	393	-127.720001
gain	393	0	-127.720001
gain	0	394	-129.059998
gain	394	0	-129.059998
gain	0	395	-136.210007
gain	395	0	-136.210007
gain	0	396	-138.029999
gain	396	0	-138.029999
gain	0	397	-141.139999
gain	397	0	-141.139999
gain	0	398	-137.570007
gain	398	0	-137.570007
gain	0	399	-133.160004
gain	399	0	-133.160004
gain	1	2	-65.169998
gain	2	1	-65.169998
gain	1	3	-77.769997
gain	3	1	-77.769997
gain	1	4	-85.629997
gain	4	1	-85.629997
gain	1	5	-97.389999
gain	5	1	-97.389999
gain	1	6	-97.660004
gain	6	1	-97.660004
gain	1	7	-105.370003
gain	7	1	-105.370003
gain	1	8	-104.650002
gain	8	1	-104.650002
gain	1	9	-109.470001
gain	9	1	-109.470001
gain	1	10	-112.330002
gain	10	1	-112.330002
gain	1	11	-122.220001
gain	11	1	-122.220001
gain	1	12	-118.760002
gain	12	1	-118.760002
gain	1	13	-119.459999
gain	13	1	-119.459999
gain	1	14	-123.849998
gain	14	1	-123.849998
gain	1	15	-122.720001
gain	15	1	-122.720001
gain	1	16	-123.309998
gain	16	1	-123.309998
gain	1	17	-128.910004
gain	17	1	-128.910004
gain	1	18	-126.000000
gain	18	1	-126.000000
gain	1	19	-128.860001
gain	19	1	-128.860001
gain	1	20	-76.500000
gain	20	1	-76.500000
gain	1	21	-67.040001
gain	21	1	-67.040001
gain	1	22	-74.540001
gain	22	1	-74.540001
gain	1	23	-80.750000
gain	23	1	-80.750000
gain	1	24	-89.220001
gain	24	1	-89.220001
gain	1	25	-96.470001
gain	25	1	-96.470001
gain	1	26	-103.959999
gain	26	1	-103.959999
gain	1	27	-103.089996
gain	27	1	-103.089996
gain	1	28	-111.110001
gain	28	1	-111.110001
gain	1	29	-115.910004
gain	29	1	-115.910004
gain	1	30	-116.019997
gain	30	1	-116.019997
gain	1	31	-116.800003
gain	31	1	-116.800003
gain	1	32	-118.139999
gain	32	1	-118.139999
gain	1	33	-125.260002
gain	33	1	-125.260002
gain	1	34	-126.449997
gain	34	1	-126.449997
gain	1	35	-120.180000
gain	35	1	-120.180000
gain	1	36	-128.710007
gain	36	1	-128.710007
gain	1	37	-130.240005
gain	37	1	-130.240005
gain	1	38	-124.699997
gain	38	1	-124.699997
gain	1	39	-123.760002
gain	39	1	-123.760002
gain	1	40	-84.190002
gain	40	1	-84.190002
gain	1	41	-86.820000
gain	41	1	-86.820000
gain	1	42	-82.629997
gain	42	1	-82.629997
gain	1	43	-93.230003
gain	43	1	-93.230003
gain	1	44	-90.220001
gain	44	1	-90.220001
gain	1	45	-104.199997
gain	45	1	-104.199997
gain	1	46	-101.309998
gain	46	1	-101.309998
gain	1	47	-108.099998
gain	47	1	-108.099998
gain	1	48	-111.120003
gain	48	1	-111.120003
gain	1	49	-112.120003
gain	49	1	-112.120003
gain	1	50	-116.839996
gain	50	1	-116.839996
gain	1	51	-118.709999
gain	51	1	-118.709999
gain	1	52	-122.720001
gain	52	1	-122.720001
gain	1	53	-120.050003
gain	53	1	-120.050003
gain	1	54	-121.330002
gain	54	1	-121.330002
gain	1	55	-150.000000
gain	55	1	-150.000000
gain	1	56	-150.000000
gain	56	1	-150.000000
gain	1	57	-150.000000
gain	57	1	-150.000000
gain	1	58	-150.000000
gain	58	1	-150.000000
gain	1	59	-127.760002
gain	59	1	-127.760002
gain	1	60	-94.610001
gain	60	1	-94.610001
gain	1	61	-94.190002
gain	61	1	-94.190002
gain	1	62	-88.529999
gain	62	1	-88.529999
gain	1	63	-91.760002
gain	63	1	-91.760002
gain	1	64	-106.610001
gain	64	1	-106.610001
gain	1	65	-100.320000
gain	65	1	-100.320000
gain	1	66	-105.889999
gain	66	1	-105.889999
gain	1	67	-103.820000
gain	67	1	-103.820000
gain	1	68	-112.290001
gain	68	1	-112.290001
gain	1	69	-116.769997
gain	69	1	-116.769997
gain	1	70	-116.809998
gain	70	1	-116.809998
gain	1	71	-117.010002
gain	71	1	-117.010002
gain	1	72	-121.040001
gain	72	1	-121.040001
gain	1	73	-121.099998
gain	73	1	-121.099998
gain	1	74	-117.949997
gain	74	1	-117.949997
gain	1	75	-150.000000
gain	75	1	-150.000000
gain	1	76	-150.000000
gain	76	1	-150.000000
gain	1	77	-150.000000
gain	77	1	-150.000000
gain	1	78	-150.000000
gain	78	1	-150.000000
gain	1	79	-134.729996
gain	79	1	-134.729996
gain	1	80	-95.379997
gain	80	1	-95.379997
gain	1	81	-99.089996
gain	81	1	-99.089996
gain	1	82	-95.360001
gain	82	1	-95.360001
gain	1	83	-102.779999
gain	83	1	-102.779999
gain	1	84	-98.930000
gain	84	1	-98.930000
gain	1	85	-103.709999
gain	85	1	-103.709999
gain	1	86	-107.570000
gain	86	1	-107.570000
gain	1	87	-109.169998
gain	87	1	-109.169998
gain	1	88	-111.110001
gain	88	1	-111.110001
gain	1	89	-120.889999
gain	89	1	-120.889999
gain	1	90	-108.800003
gain	90	1	-108.800003
gain	1	91	-117.930000
gain	91	1	-117.930000
gain	1	92	-114.980003
gain	92	1	-114.980003
gain	1	93	-122.400002
gain	93	1	-122.400002
gain	1	94	-123.339996
gain	94	1	-123.339996
gain	1	95	-150.000000
gain	95	1	-150.000000
gain	1	96	-150.000000
gain	96	1	-150.000000
gain	1	97	-150.000000
gain	97	1	-150.000000
gain	1	98	-150.000000
gain	98	1	-150.000000
gain	1	99	-130.339996
gain	99	1	-130.339996
gain	1	100	-101.699997
gain	100	1	-101.699997
gain	1	101	-99.040001
gain	101	1	-99.040001
gain	1	102	-102.290001
gain	102	1	-102.290001
gain	1	103	-102.940002
gain	103	1	-102.940002
gain	1	104	-107.589996
gain	104	1	-107.589996
gain	1	105	-111.160004
gain	105	1	-111.160004
gain	1	106	-150.000000
gain	106	1	-150.000000
gain	1	107	-150.000000
gain	107	1	-150.000000
gain	1	108	-150.000000
gain	108	1	-150.000000
gain	1	109	-150.000000
gain	109	1	-150.000000
gain	1	110	-122.260002
gain	110	1	-122.260002
gain	1	111	-116.970001
gain	111	1	-116.970001
gain	1	112	-119.779999
gain	112	1	-119.779999
gain	1	113	-118.570000
gain	113	1	-118.570000
gain	1	114	-131.050003
gain	114	1	-131.050003
gain	1	115	-150.000000
gain	115	1	-150.000000
gain	1	116	-150.000000
gain	116	1	-150.000000
gain	1	117	-150.000000
gain	117	1	-150.000000
gain	1	118	-150.000000
gain	118	1	-150.000000
gain	1	119	-126.629997
gain	119	1	-126.629997
gain	1	120	-110.309998
gain	120	1	-110.309998
gain	1	121	-107.059998
gain	121	1	-107.059998
gain	1	122	-101.610001
gain	122	1	-101.610001
gain	1	123	-108.669998
gain	123	1	-108.669998
gain	1	124	-109.169998
gain	124	1	-109.169998
gain	1	125	-106.769997
gain	125	1	-106.769997
gain	1	126	-150.000000
gain	126	1	-150.000000
gain	1	127	-150.000000
gain	127	1	-150.000000
gain	1	128	-150.000000
gain	128	1	-150.000000
gain	1	129	-150.000000
gain	129	1	-150.000000
gain	1	130	-118.300003
gain	130	1	-118.300003
gain	1	131	-122.129997
gain	131	1	-122.129997
gain	1	132	-118.860001
gain	132	1	-118.860001
gain	1	133	-122.610001
gain	133	1	-122.610001
gain	1	134	-121.389999
gain	134	1	-121.389999
gain	1	135	-150.000000
gain	135	1	-150.000000
gain	1	136	-150.000000
gain	136	1	-150.000000
gain	1	137	-150.000000
gain	137	1	-150.000000
gain	1	138	-150.000000
gain	138	1	-150.000000
gain	1	139	-123.610001
gain	139	1	-123.610001
gain	1	140	-106.430000
gain	140	1	-106.430000
gain	1	141	-115.269997
gain	141	1	-115.269997
gain	1	142	-107.669998
gain	142	1	-107.669998
gain	1	143	-105.839996
gain	143	1	-105.839996
gain	1	144	-108.410004
gain	144	1	-108.410004
gain	1	145	-113.639999
gain	145	1	-113.639999
gain	1	146	-150.000000
gain	146	1	-150.000000
gain	1	147	-150.000000
gain	147	1	-150.000000
gain	1	148	-150.000000
gain	148	1	-150.000000
gain	1	149	-150.000000
gain	149	1	-150.000000
gain	1	150	-112.510002
gain	150	1	-112.510002
gain	1	151	-122.629997
gain	151	1	-122.629997
gain	1	152	-132.509995
gain	152	1	-132.509995
gain	1	153	-120.250000
gain	153	1	-120.250000
gain	1	154	-125.250000
gain	154	1	-125.250000
gain	1	155	-120.169998
gain	155	1	-120.169998
gain	1	156	-129.529999
gain	156	1	-129.529999
gain	1	157	-128.580002
gain	157	1	-128.580002
gain	1	158	-126.760002
gain	158	1	-126.760002
gain	1	159	-126.879997
gain	159	1	-126.879997
gain	1	160	-104.110001
gain	160	1	-104.110001
gain	1	161	-114.980003
gain	161	1	-114.980003
gain	1	162	-110.809998
gain	162	1	-110.809998
gain	1	163	-112.360001
gain	163	1	-112.360001
gain	1	164	-112.440002
gain	164	1	-112.440002
gain	1	165	-116.220001
gain	165	1	-116.220001
gain	1	166	-150.000000
gain	166	1	-150.000000
gain	1	167	-150.000000
gain	167	1	-150.000000
gain	1	168	-150.000000
gain	168	1	-150.000000
gain	1	169	-150.000000
gain	169	1	-150.000000
gain	1	170	-123.480003
gain	170	1	-123.480003
gain	1	171	-122.489998
gain	171	1	-122.489998
gain	1	172	-116.120003
gain	172	1	-116.120003
gain	1	173	-125.959999
gain	173	1	-125.959999
gain	1	174	-127.250000
gain	174	1	-127.250000
gain	1	175	-123.919998
gain	175	1	-123.919998
gain	1	176	-128.860001
gain	176	1	-128.860001
gain	1	177	-126.260002
gain	177	1	-126.260002
gain	1	178	-132.229996
gain	178	1	-132.229996
gain	1	179	-124.430000
gain	179	1	-124.430000
gain	1	180	-114.750000
gain	180	1	-114.750000
gain	1	181	-113.580002
gain	181	1	-113.580002
gain	1	182	-115.709999
gain	182	1	-115.709999
gain	1	183	-150.000000
gain	183	1	-150.000000
gain	1	184	-150.000000
gain	184	1	-150.000000
gain	1	185	-150.000000
gain	185	1	-150.000000
gain	1	186	-150.000000
gain	186	1	-150.000000
gain	1	187	-150.000000
gain	187	1	-150.000000
gain	1	188	-150.000000
gain	188	1	-150.000000
gain	1	189	-150.000000
gain	189	1	-150.000000
gain	1	190	-150.000000
gain	190	1	-150.000000
gain	1	191	-150.000000
gain	191	1	-150.000000
gain	1	192	-150.000000
gain	192	1	-150.000000
gain	1	193	-150.000000
gain	193	1	-150.000000
gain	1	194	-134.289993
gain	194	1	-134.289993
gain	1	195	-127.910004
gain	195	1	-127.910004
gain	1	196	-131.360001
gain	196	1	-131.360001
gain	1	197	-124.070000
gain	197	1	-124.070000
gain	1	198	-130.229996
gain	198	1	-130.229996
gain	1	199	-133.020004
gain	199	1	-133.020004
gain	1	200	-121.070000
gain	200	1	-121.070000
gain	1	201	-111.949997
gain	201	1	-111.949997
gain	1	202	-116.879997
gain	202	1	-116.879997
gain	1	203	-150.000000
gain	203	1	-150.000000
gain	1	204	-150.000000
gain	204	1	-150.000000
gain	1	205	-150.000000
gain	205	1	-150.000000
gain	1	206	-150.000000
gain	206	1	-150.000000
gain	1	207	-150.000000
gain	207	1	-150.000000
gain	1	208	-150.000000
gain	208	1	-150.000000
gain	1	209	-150.000000
gain	209	1	-150.000000
gain	1	210	-150.000000
gain	210	1	-150.000000
gain	1	211	-150.000000
gain	211	1	-150.000000
gain	1	212	-150.000000
gain	212	1	-150.000000
gain	1	213	-150.000000
gain	213	1	-150.000000
gain	1	214	-125.480003
gain	214	1	-125.480003
gain	1	215	-127.269997
gain	215	1	-127.269997
gain	1	216	-129.330002
gain	216	1	-129.330002
gain	1	217	-129.389999
gain	217	1	-129.389999
gain	1	218	-130.179993
gain	218	1	-130.179993
gain	1	219	-128.229996
gain	219	1	-128.229996
gain	1	220	-118.300003
gain	220	1	-118.300003
gain	1	221	-124.199997
gain	221	1	-124.199997
gain	1	222	-116.470001
gain	222	1	-116.470001
gain	1	223	-150.000000
gain	223	1	-150.000000
gain	1	224	-150.000000
gain	224	1	-150.000000
gain	1	225	-150.000000
gain	225	1	-150.000000
gain	1	226	-150.000000
gain	226	1	-150.000000
gain	1	227	-150.000000
gain	227	1	-150.000000
gain	1	228	-150.000000
gain	228	1	-150.000000
gain	1	229	-150.000000
gain	229	1	-150.000000
gain	1	230	-150.000000
gain	230	1	-150.000000
gain	1	231	-150.000000
gain	231	1	-150.000000
gain	1	232	-150.000000
gain	232	1	-150.000000
gain	1	233	-150.000000
gain	233	1	-150.000000
gain	1	234	-121.099998
gain	234	1	-121.099998
gain	1	235	-124.790001
gain	235	1	-124.790001
gain	1	236	-130.160004
gain	236	1	-130.160004
gain	1	237	-132.729996
gain	237	1	-132.729996
gain	1	238	-129.850006
gain	238	1	-129.850006
gain	1	239	-132.699997
gain	239	1	-132.699997
gain	1	240	-118.849998
gain	240	1	-118.849998
gain	1	241	-118.900002
gain	241	1	-118.900002
gain	1	242	-120.250000
gain	242	1	-120.250000
gain	1	243	-150.000000
gain	243	1	-150.000000
gain	1	244	-150.000000
gain	244	1	-150.000000
gain	1	245	-150.000000
gain	245	1	-150.000000
gain	1	246	-150.000000
gain	246	1	-150.000000
gain	1	247	-150.000000
gain	247	1	-150.000000
gain	1	248	-150.000000
gain	248	1	-150.000000
gain	1	249	-150.000000
gain	249	1	-150.000000
gain	1	250	-150.000000
gain	250	1	-150.000000
gain	1	251	-150.000000
gain	251	1	-150.000000
gain	1	252	-150.000000
gain	252	1	-150.000000
gain	1	253	-150.000000
gain	253	1	-150.000000
gain	1	254	-125.360001
gain	254	1	-125.360001
gain	1	255	-135.809998
gain	255	1	-135.809998
gain	1	256	-132.289993
gain	256	1	-132.289993
gain	1	257	-127.209999
gain	257	1	-127.209999
gain	1	258	-131.000000
gain	258	1	-131.000000
gain	1	259	-129.410004
gain	259	1	-129.410004
gain	1	260	-121.959999
gain	260	1	-121.959999
gain	1	261	-124.160004
gain	261	1	-124.160004
gain	1	262	-118.440002
gain	262	1	-118.440002
gain	1	263	-118.669998
gain	263	1	-118.669998
gain	1	264	-119.559998
gain	264	1	-119.559998
gain	1	265	-120.959999
gain	265	1	-120.959999
gain	1	266	-150.000000
gain	266	1	-150.000000
gain	1	267	-150.000000
gain	267	1	-150.000000
gain	1	268	-150.000000
gain	268	1	-150.000000
gain	1	269	-150.000000
gain	269	1	-150.000000
gain	1	270	-132.639999
gain	270	1	-132.639999
gain	1	271	-122.930000
gain	271	1	-122.930000
gain	1	272	-130.589996
gain	272	1	-130.589996
gain	1	273	-132.770004
gain	273	1	-132.770004
gain	1	274	-127.680000
gain	274	1	-127.680000
gain	1	275	-127.000000
gain	275	1	-127.000000
gain	1	276	-138.210007
gain	276	1	-138.210007
gain	1	277	-133.869995
gain	277	1	-133.869995
gain	1	278	-130.559998
gain	278	1	-130.559998
gain	1	279	-131.410004
gain	279	1	-131.410004
gain	1	280	-129.740005
gain	280	1	-129.740005
gain	1	281	-131.229996
gain	281	1	-131.229996
gain	1	282	-124.080002
gain	282	1	-124.080002
gain	1	283	-123.470001
gain	283	1	-123.470001
gain	1	284	-119.470001
gain	284	1	-119.470001
gain	1	285	-125.129997
gain	285	1	-125.129997
gain	1	286	-150.000000
gain	286	1	-150.000000
gain	1	287	-150.000000
gain	287	1	-150.000000
gain	1	288	-150.000000
gain	288	1	-150.000000
gain	1	289	-150.000000
gain	289	1	-150.000000
gain	1	290	-124.809998
gain	290	1	-124.809998
gain	1	291	-126.599998
gain	291	1	-126.599998
gain	1	292	-131.779999
gain	292	1	-131.779999
gain	1	293	-124.940002
gain	293	1	-124.940002
gain	1	294	-130.190002
gain	294	1	-130.190002
gain	1	295	-131.990005
gain	295	1	-131.990005
gain	1	296	-136.500000
gain	296	1	-136.500000
gain	1	297	-136.610001
gain	297	1	-136.610001
gain	1	298	-132.220001
gain	298	1	-132.220001
gain	1	299	-135.070007
gain	299	1	-135.070007
gain	1	300	-123.019997
gain	300	1	-123.019997
gain	1	301	-126.440002
gain	301	1	-126.440002
gain	1	302	-128.580002
gain	302	1	-128.580002
gain	1	303	-118.769997
gain	303	1	-118.769997
gain	1	304	-124.410004
gain	304	1	-124.410004
gain	1	305	-121.860001
gain	305	1	-121.860001
gain	1	306	-150.000000
gain	306	1	-150.000000
gain	1	307	-150.000000
gain	307	1	-150.000000
gain	1	308	-150.000000
gain	308	1	-150.000000
gain	1	309	-150.000000
gain	309	1	-150.000000
gain	1	310	-125.470001
gain	310	1	-125.470001
gain	1	311	-126.250000
gain	311	1	-126.250000
gain	1	312	-126.739998
gain	312	1	-126.739998
gain	1	313	-131.029999
gain	313	1	-131.029999
gain	1	314	-150.000000
gain	314	1	-150.000000
gain	1	315	-150.000000
gain	315	1	-150.000000
gain	1	316	-150.000000
gain	316	1	-150.000000
gain	1	317	-132.309998
gain	317	1	-132.309998
gain	1	318	-134.270004
gain	318	1	-134.270004
gain	1	319	-138.619995
gain	319	1	-138.619995
gain	1	320	-122.510002
gain	320	1	-122.510002
gain	1	321	-123.620003
gain	321	1	-123.620003
gain	1	322	-128.270004
gain	322	1	-128.270004
gain	1	323	-130.899994
gain	323	1	-130.899994
gain	1	324	-124.080002
gain	324	1	-124.080002
gain	1	325	-123.220001
gain	325	1	-123.220001
gain	1	326	-150.000000
gain	326	1	-150.000000
gain	1	327	-150.000000
gain	327	1	-150.000000
gain	1	328	-150.000000
gain	328	1	-150.000000
gain	1	329	-150.000000
gain	329	1	-150.000000
gain	1	330	-123.459999
gain	330	1	-123.459999
gain	1	331	-130.759995
gain	331	1	-130.759995
gain	1	332	-132.279999
gain	332	1	-132.279999
gain	1	333	-132.259995
gain	333	1	-132.259995
gain	1	334	-150.000000
gain	334	1	-150.000000
gain	1	335	-150.000000
gain	335	1	-150.000000
gain	1	336	-150.000000
gain	336	1	-150.000000
gain	1	337	-129.279999
gain	337	1	-129.279999
gain	1	338	-132.300003
gain	338	1	-132.300003
gain	1	339	-135.690002
gain	339	1	-135.690002
gain	1	340	-128.690002
gain	340	1	-128.690002
gain	1	341	-128.149994
gain	341	1	-128.149994
gain	1	342	-126.580002
gain	342	1	-126.580002
gain	1	343	-127.889999
gain	343	1	-127.889999
gain	1	344	-134.429993
gain	344	1	-134.429993
gain	1	345	-126.699997
gain	345	1	-126.699997
gain	1	346	-126.489998
gain	346	1	-126.489998
gain	1	347	-133.119995
gain	347	1	-133.119995
gain	1	348	-128.940002
gain	348	1	-128.940002
gain	1	349	-124.290001
gain	349	1	-124.290001
gain	1	350	-127.699997
gain	350	1	-127.699997
gain	1	351	-126.290001
gain	351	1	-126.290001
gain	1	352	-127.470001
gain	352	1	-127.470001
gain	1	353	-131.029999
gain	353	1	-131.029999
gain	1	354	-150.000000
gain	354	1	-150.000000
gain	1	355	-150.000000
gain	355	1	-150.000000
gain	1	356	-150.000000
gain	356	1	-150.000000
gain	1	357	-130.800003
gain	357	1	-130.800003
gain	1	358	-134.919998
gain	358	1	-134.919998
gain	1	359	-140.149994
gain	359	1	-140.149994
gain	1	360	-127.879997
gain	360	1	-127.879997
gain	1	361	-126.800003
gain	361	1	-126.800003
gain	1	362	-130.539993
gain	362	1	-130.539993
gain	1	363	-129.610001
gain	363	1	-129.610001
gain	1	364	-129.300003
gain	364	1	-129.300003
gain	1	365	-128.289993
gain	365	1	-128.289993
gain	1	366	-126.669998
gain	366	1	-126.669998
gain	1	367	-131.639999
gain	367	1	-131.639999
gain	1	368	-134.190002
gain	368	1	-134.190002
gain	1	369	-129.440002
gain	369	1	-129.440002
gain	1	370	-132.729996
gain	370	1	-132.729996
gain	1	371	-129.589996
gain	371	1	-129.589996
gain	1	372	-132.789993
gain	372	1	-132.789993
gain	1	373	-130.710007
gain	373	1	-130.710007
gain	1	374	-137.240005
gain	374	1	-137.240005
gain	1	375	-133.750000
gain	375	1	-133.750000
gain	1	376	-132.119995
gain	376	1	-132.119995
gain	1	377	-137.669998
gain	377	1	-137.669998
gain	1	378	-137.250000
gain	378	1	-137.250000
gain	1	379	-132.139999
gain	379	1	-132.139999
gain	1	380	-130.619995
gain	380	1	-130.619995
gain	1	381	-135.820007
gain	381	1	-135.820007
gain	1	382	-125.040001
gain	382	1	-125.040001
gain	1	383	-132.960007
gain	383	1	-132.960007
gain	1	384	-126.180000
gain	384	1	-126.180000
gain	1	385	-126.790001
gain	385	1	-126.790001
gain	1	386	-134.179993
gain	386	1	-134.179993
gain	1	387	-130.470001
gain	387	1	-130.470001
gain	1	388	-125.099998
gain	388	1	-125.099998
gain	1	389	-136.589996
gain	389	1	-136.589996
gain	1	390	-133.710007
gain	390	1	-133.710007
gain	1	391	-133.149994
gain	391	1	-133.149994
gain	1	392	-135.539993
gain	392	1	-135.539993
gain	1	393	-132.820007
gain	393	1	-132.820007
gain	1	394	-132.809998
gain	394	1	-132.809998
gain	1	395	-137.960007
gain	395	1	-137.960007
gain	1	396	-135.820007
gain	396	1	-135.820007
gain	1	397	-136.039993
gain	397	1	-136.039993
gain	1	398	-134.619995
gain	398	1	-134.619995
gain	1	399	-137.250000
gain	399	1	-137.250000
gain	2	3	-71.419998
gain	3	2	-71.419998
gain	2	4	-87.709999
gain	4	2	-87.709999
gain	2	5	-88.959999
gain	5	2	-88.959999
gain	2	6	-102.589996
gain	6	2	-102.589996
gain	2	7	-102.190002
gain	7	2	-102.190002
gain	2	8	-110.019997
gain	8	2	-110.019997
gain	2	9	-118.830002
gain	9	2	-118.830002
gain	2	10	-113.599998
gain	10	2	-113.599998
gain	2	11	-117.500000
gain	11	2	-117.500000
gain	2	12	-112.580002
gain	12	2	-112.580002
gain	2	13	-118.139999
gain	13	2	-118.139999
gain	2	14	-127.839996
gain	14	2	-127.839996
gain	2	15	-118.930000
gain	15	2	-118.930000
gain	2	16	-117.669998
gain	16	2	-117.669998
gain	2	17	-119.050003
gain	17	2	-119.050003
gain	2	18	-129.240005
gain	18	2	-129.240005
gain	2	19	-122.160004
gain	19	2	-122.160004
gain	2	20	-89.860001
gain	20	2	-89.860001
gain	2	21	-76.370003
gain	21	2	-76.370003
gain	2	22	-67.300003
gain	22	2	-67.300003
gain	2	23	-76.250000
gain	23	2	-76.250000
gain	2	24	-85.110001
gain	24	2	-85.110001
gain	2	25	-90.300003
gain	25	2	-90.300003
gain	2	26	-97.699997
gain	26	2	-97.699997
gain	2	27	-96.129997
gain	27	2	-96.129997
gain	2	28	-106.279999
gain	28	2	-106.279999
gain	2	29	-105.949997
gain	29	2	-105.949997
gain	2	30	-113.930000
gain	30	2	-113.930000
gain	2	31	-119.300003
gain	31	2	-119.300003
gain	2	32	-116.099998
gain	32	2	-116.099998
gain	2	33	-116.269997
gain	33	2	-116.269997
gain	2	34	-126.220001
gain	34	2	-126.220001
gain	2	35	-118.760002
gain	35	2	-118.760002
gain	2	36	-127.559998
gain	36	2	-127.559998
gain	2	37	-124.510002
gain	37	2	-124.510002
gain	2	38	-126.660004
gain	38	2	-126.660004
gain	2	39	-126.879997
gain	39	2	-126.879997
gain	2	40	-85.790001
gain	40	2	-85.790001
gain	2	41	-81.070000
gain	41	2	-81.070000
gain	2	42	-83.019997
gain	42	2	-83.019997
gain	2	43	-87.080002
gain	43	2	-87.080002
gain	2	44	-87.269997
gain	44	2	-87.269997
gain	2	45	-96.849998
gain	45	2	-96.849998
gain	2	46	-98.800003
gain	46	2	-98.800003
gain	2	47	-103.139999
gain	47	2	-103.139999
gain	2	48	-104.029999
gain	48	2	-104.029999
gain	2	49	-105.089996
gain	49	2	-105.089996
gain	2	50	-112.389999
gain	50	2	-112.389999
gain	2	51	-115.059998
gain	51	2	-115.059998
gain	2	52	-113.489998
gain	52	2	-113.489998
gain	2	53	-117.339996
gain	53	2	-117.339996
gain	2	54	-125.820000
gain	54	2	-125.820000
gain	2	55	-150.000000
gain	55	2	-150.000000
gain	2	56	-150.000000
gain	56	2	-150.000000
gain	2	57	-150.000000
gain	57	2	-150.000000
gain	2	58	-150.000000
gain	58	2	-150.000000
gain	2	59	-133.259995
gain	59	2	-133.259995
gain	2	60	-96.879997
gain	60	2	-96.879997
gain	2	61	-93.400002
gain	61	2	-93.400002
gain	2	62	-91.970001
gain	62	2	-91.970001
gain	2	63	-99.180000
gain	63	2	-99.180000
gain	2	64	-101.940002
gain	64	2	-101.940002
gain	2	65	-101.419998
gain	65	2	-101.419998
gain	2	66	-108.010002
gain	66	2	-108.010002
gain	2	67	-102.419998
gain	67	2	-102.419998
gain	2	68	-107.970001
gain	68	2	-107.970001
gain	2	69	-108.760002
gain	69	2	-108.760002
gain	2	70	-113.580002
gain	70	2	-113.580002
gain	2	71	-113.050003
gain	71	2	-113.050003
gain	2	72	-116.320000
gain	72	2	-116.320000
gain	2	73	-121.110001
gain	73	2	-121.110001
gain	2	74	-122.790001
gain	74	2	-122.790001
gain	2	75	-150.000000
gain	75	2	-150.000000
gain	2	76	-150.000000
gain	76	2	-150.000000
gain	2	77	-150.000000
gain	77	2	-150.000000
gain	2	78	-150.000000
gain	78	2	-150.000000
gain	2	79	-125.010002
gain	79	2	-125.010002
gain	2	80	-99.669998
gain	80	2	-99.669998
gain	2	81	-97.680000
gain	81	2	-97.680000
gain	2	82	-97.820000
gain	82	2	-97.820000
gain	2	83	-100.089996
gain	83	2	-100.089996
gain	2	84	-100.250000
gain	84	2	-100.250000
gain	2	85	-97.480003
gain	85	2	-97.480003
gain	2	86	-104.199997
gain	86	2	-104.199997
gain	2	87	-99.790001
gain	87	2	-99.790001
gain	2	88	-108.430000
gain	88	2	-108.430000
gain	2	89	-116.959999
gain	89	2	-116.959999
gain	2	90	-113.080002
gain	90	2	-113.080002
gain	2	91	-112.309998
gain	91	2	-112.309998
